0 0 0.00016669167041722925 1418304153 0.90000000000000002 1 5999.1000000000004 0
0 0 0.00033338334083445851 1418304153 2.8999999999999999 2.0 5999.1000000000004 0
0 0 0.00066676668166891701 1418304153 4.9000000000000004 4.0 5999.1000000000004 0
0 0 0.0010001500225033755 1418304153 6.9000000000000004 6.0 5999.1000000000004 0
0 0 0.001333533363337834 1418304153 8.9000000000000004 8.0 5999.1000000000004 0
0 0 0.0016669167041722924 1418304153 10.9 10.0 5999.1000000000004 0
1 499 0.0020003000450067509 1418304154 12.9 12.0 5999.1000000000004 500
1 428 0.0023336833858412093 1418304154 14.9 14.0 5999.1000000000004 429
1 374 0.0026670667266756676 1418304154 16.899999999999999 15.999999999999998 5999.1000000000004 375
2 665 0.0030004500675101264 1418304155 18.899999999999999 18.0 5999.1000000000004 667
2 598 0.0033338334083445847 1418304155 20.899999999999999 20.0 5999.1000000000004 600
2 543 0.0036672167491790435 1418304155 22.899999999999999 22.0 5999.1000000000004 545
3 747 0.0040006000900135018 1418304156 24.899999999999999 24.0 5999.1000000000004 750
3 689 0.0043339834308479602 1418304156 26.899999999999999 26.0 5999.1000000000004 692
3 640 0.0046673667716824185 1418304156 28.899999999999999 28.0 5999.1000000000004 643
3 597 0.0050007501125168769 1418304156 30.899999999999999 30.0 5999.1000000000004 600
4 746 0.0053341334533513361 1418304157 32.899999999999999 32.0 5999.1000000000004 750
4 702 0.0056675167941857944 1418304157 34.899999999999999 34.0 5999.1000000000004 706
4 663 0.0060009001350202528 1418304157 36.899999999999999 36.0 5999.1000000000004 667
4 627 0.0063342834758547111 1418304157 38.899999999999999 38.0 5999.1000000000004 631
4 596 0.0066676668166891695 1418304157 40.899999999999999 40.0 5999.1000000000004 600
4 567 0.0070010501575236278 1418304157 42.899999999999999 42.0 5999.1000000000004 571
5 677 0.007334433498358087 1418304158 44.899999999999999 44.0 5999.1000000000004 682
5 647 0.0076678168391925454 1418304158 46.899999999999999 46.0 5999.1000000000004 652
5 620 0.0080012001800270037 1418304158 48.899999999999999 48.0 5999.1000000000004 625
5 595 0.0083345835208614629 1418304158 50.899999999999999 50.0 5999.1000000000004 600
5 572 0.0086679668616959204 1418304158 52.899999999999999 52.0 5999.1000000000004 577
5 550 0.0090013502025303796 1418304158 54.899999999999999 54.0 5999.1000000000004 555
5 531 0.0093347335433648371 1418304158 56.899999999999999 56.0 5999.1000000000004 536
5 512 0.0096681168841992963 1418304158 58.899999999999999 58.0 5999.1000000000004 517
5 495 0.010001500225033754 1418304158 60.899999999999999 60.0 5999.1000000000004 500
5 479 0.010334883565868213 1418304158 62.899999999999999 62.0 5999.1000000000004 484
6 556 0.010668266906702672 1418304159 64.900000000000006 64.0 5999.1000000000004 562
6 539 0.01100165024753713 1418304159 66.900000000000006 66.0 5999.1000000000004 545
6 523 0.011335033588371589 1418304159 68.900000000000006 68.0 5999.1000000000004 529
6 508 0.011668416929206046 1418304159 70.900000000000006 70.0 5999.1000000000004 514
6 494 0.012001800270040506 1418304159 72.900000000000006 72.0 5999.1000000000004 500
6 480 0.012335183610874963 1418304159 74.900000000000006 74.0 5999.1000000000004 486
6 468 0.012668566951709422 1418304159 76.900000000000006 76.0 5999.1000000000004 474
6 455 0.013001950292543881 1418304159 78.900000000000006 78.0 5999.1000000000004 461
6 444 0.013335333633378339 1418304159 80.900000000000006 80.0 5999.1000000000004 450
6 433 0.013668716974212798 1418304159 82.900000000000006 82.0 5999.1000000000004 439
6 423 0.014002100315047256 1418304159 84.900000000000006 84.0 5999.1000000000004 429
6 413 0.014335483655881715 1418304159 86.900000000000006 86.0 5999.1000000000004 419
6 403 0.014668866996716174 1418304159 88.900000000000006 88.0 5999.1000000000004 409
6 394 0.015002250337550632 1418304159 90.900000000000006 90.0 5999.1000000000004 400
7 449 0.015335633678385091 1418304160 92.900000000000006 92.0 5999.1000000000004 456
7 440 0.01566901701921955 1418304160 94.900000000000006 94.0 5999.1000000000004 447
7 430 0.016002400360054007 1418304160 96.900000000000006 96.0 5999.1000000000004 437
7 422 0.016335783700888465 1418304160 98.900000000000006 98.0 5999.1000000000004 429
7 413 0.016669167041722926 1418304160 100.90000000000001 100.0 5999.1000000000004 420
7 405 0.017002550382557383 1418304160 102.90000000000001 102.0 5999.1000000000004 412
7 397 0.017335933723391841 1418304160 104.90000000000001 104.0 5999.1000000000004 404
7 389 0.017669317064226298 1418304160 106.90000000000001 106.0 5999.1000000000004 396
7 382 0.018002700405060759 1418304160 108.90000000000001 108.0 5999.1000000000004 389
7 375 0.018336083745895217 1418304160 110.90000000000001 110.0 5999.1000000000004 382
7 368 0.018669467086729674 1418304160 112.90000000000001 112.0 5999.1000000000004 375
7 361 0.019002850427564135 1418304160 114.90000000000001 114.0 5999.1000000000004 368
7 355 0.019336233768398593 1418304160 116.90000000000001 116.0 5999.1000000000004 362
7 349 0.01966961710923305 1418304160 118.90000000000001 118.0 5999.1000000000004 356
7 343 0.020003000450067508 1418304160 120.90000000000001 120.0 5999.1000000000004 350
8 385 0.020336383790901968 1418304161 122.90000000000001 122.0 5999.1000000000004 393
8 379 0.020669767131736426 1418304161 124.90000000000001 124.0 5999.1000000000004 387
8 373 0.021003150472570883 1418304161 126.90000000000001 126.0 5999.1000000000004 381
8 367 0.021336533813405344 1418304161 128.90000000000001 128.0 5999.1000000000004 375
8 361 0.021669917154239802 1418304161 130.90000000000001 130.0 5999.1000000000004 369
8 356 0.022003300495074259 1418304161 132.90000000000001 132.0 5999.1000000000004 364
8 350 0.022336683835908717 1418304161 134.90000000000001 134.0 5999.1000000000004 358
8 345 0.022670067176743178 1418304161 136.90000000000001 136.0 5999.1000000000004 353
8 340 0.023003450517577635 1418304161 138.90000000000001 138.0 5999.1000000000004 348
8 335 0.023336833858412093 1418304161 140.90000000000001 140.0 5999.1000000000004 343
8 330 0.023670217199246554 1418304161 142.90000000000001 142.0 5999.1000000000004 338
8 325 0.024003600540081011 1418304161 144.90000000000001 144.0 5999.1000000000004 333
8 321 0.024336983880915469 1418304161 146.90000000000001 146.0 5999.1000000000004 329
8 316 0.024670367221749926 1418304161 148.90000000000001 148.0 5999.1000000000004 324
8 312 0.025003750562584387 1418304161 150.90000000000001 150.0 5999.1000000000004 320
8 308 0.025337133903418844 1418304161 152.90000000000001 152.0 5999.1000000000004 316
8 304 0.025670517244253302 1418304161 154.90000000000001 154.0 5999.1000000000004 312
8 300 0.026003900585087763 1418304161 156.90000000000001 156.0 5999.1000000000004 308
8 296 0.02633728392592222 1418304161 158.90000000000001 158.0 5999.1000000000004 304
8 292 0.026670667266756678 1418304161 160.90000000000001 160.0 5999.1000000000004 300
9 324 0.027004050607591135 1418304162 162.90000000000001 162.0 5999.1000000000004 333
9 320 0.027337433948425596 1418304162 164.90000000000001 164.0 5999.1000000000004 329
9 316 0.027670817289260054 1418304162 166.90000000000001 166.0 5999.1000000000004 325
9 312 0.028004200630094511 1418304162 168.90000000000001 168.0 5999.1000000000004 321
9 309 0.028337583970928972 1418304162 170.90000000000001 170.0 5999.1000000000004 318
9 305 0.02867096731176343 1418304162 172.90000000000001 172.0 5999.1000000000004 314
9 301 0.029004350652597887 1418304162 174.90000000000001 174.0 5999.1000000000004 310
9 298 0.029337733993432348 1418304162 176.90000000000001 176.0 5999.1000000000004 307
9 294 0.029671117334266806 1418304162 178.90000000000001 178.0 5999.1000000000004 303
9 291 0.030004500675101263 1418304162 180.90000000000001 180.0 5999.1000000000004 300
9 288 0.03033788401593572 1418304162 182.90000000000001 182.0 5999.1000000000004 297
9 284 0.030671267356770181 1418304162 184.90000000000001 184.0 5999.1000000000004 293
9 281 0.031004650697604639 1418304162 186.90000000000001 186.0 5999.1000000000004 290
9 278 0.0313380340384391 1418304162 188.90000000000001 188.0 5999.1000000000004 287
9 275 0.031671417379273557 1418304162 190.90000000000001 190.0 5999.1000000000004 284
9 272 0.032004800720108015 1418304162 192.90000000000001 192.0 5999.1000000000004 281
9 269 0.032338184060942472 1418304162 194.90000000000001 194.0 5999.1000000000004 278
9 266 0.03267156740177693 1418304162 196.90000000000001 196.0 5999.1000000000004 275
9 264 0.033004950742611387 1418304162 198.90000000000001 198.0 5999.1000000000004 273
9 261 0.033338334083445852 1418304162 200.90000000000001 200.0 5999.1000000000004 270
9 258 0.033671717424280309 1418304162 202.90000000000001 202.0 5999.1000000000004 267
9 256 0.034005100765114767 1418304162 204.90000000000001 204.0 5999.1000000000004 265
10 281 0.034338484105949224 1418304163 206.90000000000001 206.0 5999.1000000000004 291
10 278 0.034671867446783682 1418304163 208.90000000000001 208.0 5999.1000000000004 288
10 276 0.035005250787618139 1418304163 210.90000000000001 210.0 5999.1000000000004 286
10 273 0.035338634128452596 1418304163 212.90000000000001 212.0 5999.1000000000004 283
10 270 0.035672017469287061 1418304163 214.90000000000001 214.0 5999.1000000000004 280
10 268 0.036005400810121518 1418304163 216.90000000000001 216.0 5999.1000000000004 278
10 265 0.036338784150955976 1418304163 218.90000000000001 218.0 5999.1000000000004 275
10 263 0.036672167491790433 1418304163 220.90000000000001 220.0 5999.1000000000004 273
10 260 0.037005550832624891 1418304163 222.90000000000001 222.0 5999.1000000000004 270
10 258 0.037338934173459348 1418304163 224.90000000000001 224.0 5999.1000000000004 268
10 255 0.037672317514293806 1418304163 226.90000000000001 226.0 5999.1000000000004 265
10 253 0.03800570085512827 1418304163 228.90000000000001 228.0 5999.1000000000004 263
10 251 0.038339084195962728 1418304163 230.90000000000001 230.0 5999.1000000000004 261
10 249 0.038672467536797185 1418304163 232.90000000000001 232.0 5999.1000000000004 259
10 246 0.039005850877631643 1418304163 234.90000000000001 234.0 5999.1000000000004 256
10 244 0.0393392342184661 1418304163 236.90000000000001 236.0 5999.1000000000004 254
10 242 0.039672617559300558 1418304163 238.90000000000001 238.0 5999.1000000000004 252
10 240 0.040006000900135015 1418304163 240.90000000000001 240.0 5999.1000000000004 250
10 238 0.040339384240969479 1418304163 242.90000000000001 242.0 5999.1000000000004 248
10 236 0.040672767581803937 1418304163 244.90000000000001 244.0 5999.1000000000004 246
10 234 0.041006150922638394 1418304163 246.90000000000001 246.0 5999.1000000000004 244
10 232 0.041339534263472852 1418304163 248.90000000000001 248.0 5999.1000000000004 242
10 230 0.041672917604307309 1418304163 250.90000000000001 250.0 5999.1000000000004 240
10 228 0.042006300945141767 1418304163 252.90000000000001 252.0 5999.1000000000004 238
11 249 0.042339684285976224 1418304164 254.90000000000001 254.0 5999.1000000000004 260
11 247 0.042673067626810682 1418304164 256.89999999999998 255.99999999999997 5999.1000000000004 258
11 245 0.043006450967645146 1418304164 258.89999999999998 258.0 5999.1000000000004 256
11 243 0.043339834308479604 1418304164 260.89999999999998 260.0 5999.1000000000004 254
11 241 0.043673217649314061 1418304164 262.89999999999998 262.0 5999.1000000000004 252
11 239 0.044006600990148519 1418304164 264.89999999999998 264.0 5999.1000000000004 250
11 237 0.044339984330982976 1418304164 266.89999999999998 266.0 5999.1000000000004 248
11 235 0.044673367671817434 1418304164 268.89999999999998 268.0 5999.1000000000004 246
11 233 0.045006751012651898 1418304164 270.89999999999998 270.0 5999.1000000000004 244
11 232 0.045340134353486355 1418304164 272.89999999999998 272.0 5999.1000000000004 243
11 230 0.045673517694320813 1418304164 274.89999999999998 274.0 5999.1000000000004 241
11 228 0.04600690103515527 1418304164 276.89999999999998 276.0 5999.1000000000004 239
11 226 0.046340284375989728 1418304164 278.89999999999998 278.0 5999.1000000000004 237
11 225 0.046673667716824185 1418304164 280.89999999999998 280.0 5999.1000000000004 236
11 223 0.047007051057658643 1418304164 282.89999999999998 282.0 5999.1000000000004 234
11 221 0.047340434398493107 1418304164 284.89999999999998 284.0 5999.1000000000004 232
11 220 0.047673817739327565 1418304164 286.89999999999998 286.0 5999.1000000000004 231
11 218 0.048007201080162022 1418304164 288.89999999999998 288.0 5999.1000000000004 229
11 217 0.04834058442099648 1418304164 290.89999999999998 290.0 5999.1000000000004 228
11 215 0.048673967761830937 1418304164 292.89999999999998 292.0 5999.1000000000004 226
11 213 0.049007351102665395 1418304164 294.89999999999998 294.0 5999.1000000000004 224
11 212 0.049340734443499852 1418304164 296.89999999999998 296.0 5999.1000000000004 223
11 210 0.049674117784334317 1418304164 298.89999999999998 298.0 5999.1000000000004 221
11 209 0.050007501125168774 1418304164 300.89999999999998 300.0 5999.1000000000004 220
11 208 0.050340884466003231 1418304164 302.89999999999998 302.0 5999.1000000000004 219
11 206 0.050674267806837689 1418304164 304.89999999999998 304.0 5999.1000000000004 217
11 205 0.051007651147672146 1418304164 306.89999999999998 306.0 5999.1000000000004 216
11 203 0.051341034488506604 1418304164 308.89999999999998 308.0 5999.1000000000004 214
11 202 0.051674417829341061 1418304164 310.89999999999998 310.0 5999.1000000000004 213
11 201 0.052007801170175526 1418304164 312.89999999999998 312.0 5999.1000000000004 212
12 217 0.052341184511009983 1418304165 314.89999999999998 314.0 5999.1000000000004 229
12 216 0.052674567851844441 1418304165 316.89999999999998 316.0 5999.1000000000004 228
12 214 0.053007951192678898 1418304165 318.89999999999998 318.0 5999.1000000000004 226
12 213 0.053341334533513356 1418304165 320.89999999999998 320.0 5999.1000000000004 225
12 212 0.053674717874347813 1418304165 322.89999999999998 322.0 5999.1000000000004 224
12 210 0.054008101215182271 1418304165 324.89999999999998 324.0 5999.1000000000004 222
12 209 0.054341484556016735 1418304165 326.89999999999998 326.0 5999.1000000000004 221
12 207 0.054674867896851193 1418304165 328.89999999999998 328.0 5999.1000000000004 219
12 206 0.05500825123768565 1418304165 330.89999999999998 330.0 5999.1000000000004 218
12 205 0.055341634578520107 1418304165 332.89999999999998 332.0 5999.1000000000004 217
12 204 0.055675017919354565 1418304165 334.89999999999998 334.0 5999.1000000000004 216
12 202 0.056008401260189022 1418304165 336.89999999999998 336.0 5999.1000000000004 214
12 201 0.056341784601023487 1418304165 338.89999999999998 338.0 5999.1000000000004 213
12 200 0.056675167941857944 1418304165 340.89999999999998 340.0 5999.1000000000004 212
12 198 0.057008551282692402 1418304165 342.89999999999998 342.0 5999.1000000000004 210
12 197 0.057341934623526859 1418304165 344.89999999999998 344.0 5999.1000000000004 209
12 196 0.057675317964361317 1418304165 346.89999999999998 346.0 5999.1000000000004 208
12 195 0.058008701305195774 1418304165 348.89999999999998 348.0 5999.1000000000004 207
12 194 0.058342084646030232 1418304165 350.89999999999998 350.0 5999.1000000000004 206
12 193 0.058675467986864696 1418304165 352.89999999999998 352.0 5999.1000000000004 205
12 191 0.059008851327699154 1418304165 354.89999999999998 354.0 5999.1000000000004 203
12 190 0.059342234668533611 1418304165 356.89999999999998 356.0 5999.1000000000004 202
12 189 0.059675618009368069 1418304165 358.89999999999998 358.0 5999.1000000000004 201
12 188 0.060009001350202526 1418304165 360.89999999999998 360.0 5999.1000000000004 200
12 187 0.060342384691036983 1418304165 362.89999999999998 362.0 5999.1000000000004 199
13 201 0.060675768031871441 1418304166 364.89999999999998 364.0 5999.1000000000004 214
13 200 0.061009151372705905 1418304166 366.89999999999998 366.0 5999.1000000000004 213
13 199 0.061342534713540363 1418304166 368.89999999999998 368.0 5999.1000000000004 212
13 198 0.06167591805437482 1418304166 370.89999999999998 370.0 5999.1000000000004 211
13 197 0.062009301395209278 1418304166 372.89999999999998 372.0 5999.1000000000004 210
13 196 0.062342684736043735 1418304166 374.89999999999998 374.0 5999.1000000000004 209
13 194 0.0626760680768782 1418304166 376.89999999999998 376.0 5999.1000000000004 207
13 193 0.06300945141771265 1418304166 378.89999999999998 378.0 5999.1000000000004 206
13 192 0.063342834758547115 1418304166 380.89999999999998 380.0 5999.1000000000004 205
13 191 0.063676218099381565 1418304166 382.89999999999998 382.0 5999.1000000000004 204
13 190 0.06400960144021603 1418304166 384.89999999999998 384.0 5999.1000000000004 203
13 189 0.06434298478105048 1418304166 386.89999999999998 386.0 5999.1000000000004 202
13 188 0.064676368121884945 1418304166 388.89999999999998 388.0 5999.1000000000004 201
13 187 0.065009751462719409 1418304166 390.89999999999998 390.0 5999.1000000000004 200
13 186 0.06534313480355386 1418304166 392.89999999999998 392.0 5999.1000000000004 199
13 185 0.065676518144388324 1418304166 394.89999999999998 394.0 5999.1000000000004 198
13 184 0.066009901485222774 1418304166 396.89999999999998 396.0 5999.1000000000004 197
13 183 0.066343284826057239 1418304166 398.89999999999998 398.0 5999.1000000000004 196
13 182 0.066676668166891703 1418304166 400.89999999999998 400.0 5999.1000000000004 195
13 181 0.067010051507726154 1418304166 402.89999999999998 402.0 5999.1000000000004 194
13 180 0.067343434848560618 1418304166 404.89999999999998 404.0 5999.1000000000004 193
13 179 0.067676818189395069 1418304166 406.89999999999998 406.0 5999.1000000000004 192
13 178 0.068010201530229533 1418304166 408.89999999999998 408.0 5999.1000000000004 191
13 177 0.068343584871063984 1418304166 410.89999999999998 410.0 5999.1000000000004 190
13 176 0.068676968211898448 1418304166 412.89999999999998 412.0 5999.1000000000004 189
13 175 0.069010351552732913 1418304166 414.89999999999998 414.0 5999.1000000000004 188
13 174 0.069343734893567363 1418304166 416.89999999999998 416.0 5999.1000000000004 187
13 174 0.069677118234401828 1418304166 418.89999999999998 418.0 5999.1000000000004 187
13 173 0.070010501575236278 1418304166 420.89999999999998 420.0 5999.1000000000004 186
13 172 0.070343884916070742 1418304166 422.89999999999998 422.0 5999.1000000000004 185
13 171 0.070677268256905193 1418304166 424.89999999999998 424.0 5999.1000000000004 184
13 170 0.071010651597739657 1418304166 426.89999999999998 426.0 5999.1000000000004 183
13 169 0.071344034938574122 1418304166 428.89999999999998 428.0 5999.1000000000004 182
13 168 0.071677418279408572 1418304166 430.89999999999998 430.0 5999.1000000000004 181
13 168 0.072010801620243037 1418304166 432.89999999999998 432.0 5999.1000000000004 181
13 167 0.072344184961077487 1418304166 434.89999999999998 434.0 5999.1000000000004 180
14 179 0.072677568301911952 1418304167 436.89999999999998 436.0 5999.1000000000004 193
14 178 0.073010951642746402 1418304167 438.89999999999998 438.0 5999.1000000000004 192
14 177 0.073344334983580867 1418304167 440.89999999999998 440.0 5999.1000000000004 191
14 176 0.073677718324415331 1418304167 442.89999999999998 442.0 5999.1000000000004 190
14 175 0.074011101665249782 1418304167 444.89999999999998 444.0 5999.1000000000004 189
14 174 0.074344485006084246 1418304167 446.89999999999998 446.0 5999.1000000000004 188
14 173 0.074677868346918697 1418304167 448.89999999999998 448.0 5999.1000000000004 187
14 173 0.075011251687753161 1418304167 450.89999999999998 450.0 5999.1000000000004 187
14 172 0.075344635028587612 1418304167 452.89999999999998 452.0 5999.1000000000004 186
14 171 0.075678018369422076 1418304167 454.89999999999998 454.0 5999.1000000000004 185
14 170 0.07601140171025654 1418304167 456.89999999999998 456.0 5999.1000000000004 184
14 169 0.076344785051090991 1418304167 458.89999999999998 458.0 5999.1000000000004 183
14 169 0.076678168391925455 1418304167 460.89999999999998 460.0 5999.1000000000004 183
14 168 0.077011551732759906 1418304167 462.89999999999998 462.0 5999.1000000000004 182
14 167 0.07734493507359437 1418304167 464.89999999999998 464.0 5999.1000000000004 181
14 166 0.077678318414428821 1418304167 466.89999999999998 466.0 5999.1000000000004 180
14 165 0.078011701755263285 1418304167 468.89999999999998 468.0 5999.1000000000004 179
14 165 0.07834508509609775 1418304167 470.89999999999998 470.0 5999.1000000000004 179
14 164 0.0786784684369322 1418304167 472.89999999999998 472.0 5999.1000000000004 178
14 163 0.079011851777766665 1418304167 474.89999999999998 474.0 5999.1000000000004 177
14 162 0.079345235118601115 1418304167 476.89999999999998 476.0 5999.1000000000004 176
14 162 0.07967861845943558 1418304167 478.89999999999998 478.0 5999.1000000000004 176
14 161 0.08001200180027003 1418304167 480.89999999999998 480.0 5999.1000000000004 175
14 160 0.080345385141104494 1418304167 482.89999999999998 482.0 5999.1000000000004 174
14 160 0.080678768481938959 1418304167 484.89999999999998 484.0 5999.1000000000004 174
14 159 0.081012151822773409 1418304167 486.89999999999998 486.0 5999.1000000000004 173
14 158 0.081345535163607874 1418304167 488.89999999999998 488.0 5999.1000000000004 172
14 157 0.081678918504442324 1418304167 490.89999999999998 490.0 5999.1000000000004 171
14 157 0.082012301845276789 1418304167 492.89999999999998 492.0 5999.1000000000004 171
14 156 0.082345685186111239 1418304167 494.89999999999998 494.0 5999.1000000000004 170
14 155 0.082679068526945704 1418304167 496.89999999999998 496.0 5999.1000000000004 169
14 155 0.083012451867780168 1418304167 498.89999999999998 498.0 5999.1000000000004 169
14 154 0.083345835208614619 1418304167 500.89999999999998 500.0 5999.1000000000004 168
14 153 0.083679218549449083 1418304167 502.89999999999998 502.0 5999.1000000000004 167
14 153 0.084012601890283534 1418304167 504.89999999999998 504.0 5999.1000000000004 167
14 152 0.084345985231117998 1418304167 506.89999999999998 506.0 5999.1000000000004 166
14 151 0.084679368571952449 1418304167 508.89999999999998 508.0 5999.1000000000004 165
15 161 0.085012751912786913 1418304168 510.89999999999998 510.0 5999.1000000000004 176
15 161 0.085346135253621377 1418304168 512.89999999999998 512.0 5999.1000000000004 176
15 160 0.085679518594455828 1418304168 514.89999999999998 514.0 5999.1000000000004 175
15 159 0.086012901935290292 1418304168 516.89999999999998 516.0 5999.1000000000004 174
15 159 0.086346285276124743 1418304168 518.89999999999998 518.0 5999.1000000000004 174
15 158 0.086679668616959207 1418304168 520.89999999999998 520.0 5999.1000000000004 173
15 157 0.087013051957793658 1418304168 522.89999999999998 522.0 5999.1000000000004 172
15 157 0.087346435298628122 1418304168 524.89999999999998 524.0 5999.1000000000004 172
15 156 0.087679818639462587 1418304168 526.89999999999998 526.0 5999.1000000000004 171
16 166 0.088013201980297037 1418304169 528.89999999999998 528.0 5999.1000000000004 182
16 165 0.088346585321131502 1418304169 530.89999999999998 530.0 5999.1000000000004 181
16 164 0.088679968661965952 1418304169 532.89999999999998 532.0 5999.1000000000004 180
16 164 0.089013352002800417 1418304169 534.89999999999998 534.0 5999.1000000000004 180
16 163 0.089346735343634867 1418304169 536.89999999999998 536.0 5999.1000000000004 179
16 162 0.089680118684469332 1418304169 538.89999999999998 538.0 5999.1000000000004 178
16 162 0.090013502025303796 1418304169 540.89999999999998 540.0 5999.1000000000004 178
17 171 0.090346885366138246 1418304170 542.89999999999998 542.0 5999.1000000000004 188
17 170 0.090680268706972711 1418304170 544.89999999999998 544.0 5999.1000000000004 187
17 170 0.091013652047807161 1418304170 546.89999999999998 546.0 5999.1000000000004 187
17 169 0.091347035388641626 1418304170 548.89999999999998 548.0 5999.1000000000004 186
17 168 0.091680418729476076 1418304170 550.89999999999998 550.0 5999.1000000000004 185
18 178 0.092013802070310541 1418304171 552.89999999999998 552.0 5999.1000000000004 196
18 177 0.092347185411145005 1418304171 554.89999999999998 554.0 5999.1000000000004 195
18 176 0.092680568751979456 1418304171 556.89999999999998 556.0 5999.1000000000004 194
18 176 0.09301395209281392 1418304171 558.89999999999998 558.0 5999.1000000000004 194
18 175 0.093347335433648371 1418304171 560.89999999999998 560.0 5999.1000000000004 193
18 174 0.093680718774482835 1418304171 562.89999999999998 562.0 5999.1000000000004 192
19 183 0.094014102115317286 1418304172 564.89999999999998 564.0 5999.1000000000004 202
19 182 0.09434748545615175 1418304172 566.89999999999998 566.0 5999.1000000000004 201
19 182 0.094680868796986214 1418304172 568.89999999999998 568.0 5999.1000000000004 201
19 181 0.095014252137820665 1418304172 570.89999999999998 570.0 5999.1000000000004 200
19 180 0.095347635478655129 1418304172 572.89999999999998 572.0 5999.1000000000004 199
19 180 0.09568101881948958 1418304172 574.89999999999998 574.0 5999.1000000000004 199
20 188 0.096014402160324044 1418304173 576.89999999999998 576.0 5999.1000000000004 208
20 188 0.096347785501158495 1418304173 578.89999999999998 578.0 5999.1000000000004 208
20 187 0.096681168841992959 1418304173 580.89999999999998 580.0 5999.1000000000004 207
20 186 0.097014552182827424 1418304173 582.89999999999998 582.0 5999.1000000000004 206
20 185 0.097347935523661874 1418304173 584.89999999999998 584.0 5999.1000000000004 205
20 185 0.097681318864496339 1418304173 586.89999999999998 586.0 5999.1000000000004 205
20 184 0.098014702205330789 1418304173 588.89999999999998 588.0 5999.1000000000004 204
21 193 0.098348085546165254 1418304174 590.89999999999998 590.0 5999.1000000000004 214
21 192 0.098681468886999704 1418304174 592.89999999999998 592.0 5999.1000000000004 213
21 191 0.099014852227834169 1418304174 594.89999999999998 594.0 5999.1000000000004 212
21 190 0.099348235568668633 1418304174 596.89999999999998 596.0 5999.1000000000004 211
21 190 0.099681618909503084 1418304174 598.89999999999998 598.0 5999.1000000000004 211
21 189 0.10001500225033755 1418304174 600.89999999999998 600.0 5999.1000000000004 210
21 188 0.100348385591172 1418304174 602.89999999999998 602.0 5999.1000000000004 209
22 197 0.10068176893200646 1418304175 604.89999999999998 604.0 5999.1000000000004 219
22 196 0.10101515227284091 1418304175 606.89999999999998 606.0 5999.1000000000004 218
22 195 0.10134853561367538 1418304175 608.89999999999998 608.0 5999.1000000000004 217
22 194 0.10168191895450984 1418304175 610.89999999999998 610.0 5999.1000000000004 216
22 194 0.10201530229534429 1418304175 612.89999999999998 612.0 5999.1000000000004 216
23 202 0.10234868563617876 1418304176 614.89999999999998 614.0 5999.1000000000004 225
23 201 0.10268206897701321 1418304176 616.89999999999998 616.0 5999.1000000000004 224
23 200 0.10301545231784767 1418304176 618.89999999999998 618.0 5999.1000000000004 223
23 200 0.10334883565868212 1418304176 620.89999999999998 620.0 5999.1000000000004 223
23 199 0.10368221899951659 1418304176 622.89999999999998 622.0 5999.1000000000004 222
24 207 0.10401560234035105 1418304177 624.89999999999998 624.0 5999.1000000000004 231
24 206 0.1043489856811855 1418304177 626.89999999999998 626.0 5999.1000000000004 230
24 205 0.10468236902201997 1418304177 628.89999999999998 628.0 5999.1000000000004 229
24 205 0.10501575236285442 1418304177 630.89999999999998 630.0 5999.1000000000004 229
24 204 0.10534913570368888 1418304177 632.89999999999998 632.0 5999.1000000000004 228
25 212 0.10568251904452333 1418304178 634.89999999999998 634.0 5999.1000000000004 237
25 211 0.1060159023853578 1418304178 636.89999999999998 636.0 5999.1000000000004 236
25 210 0.10634928572619226 1418304178 638.89999999999998 638.0 5999.1000000000004 235
25 209 0.10668266906702671 1418304178 640.89999999999998 640.0 5999.1000000000004 234
25 209 0.10701605240786118 1418304178 642.89999999999998 642.0 5999.1000000000004 234
25 208 0.10734943574869563 1418304178 644.89999999999998 644.0 5999.1000000000004 233
25 207 0.10768281908953009 1418304178 646.89999999999998 646.0 5999.1000000000004 232
26 215 0.10801620243036454 1418304179 648.89999999999998 648.0 5999.1000000000004 241
26 214 0.10834958577119901 1418304179 650.89999999999998 650.0 5999.1000000000004 240
26 213 0.10868296911203347 1418304179 652.89999999999998 652.0 5999.1000000000004 239
26 212 0.10901635245286792 1418304179 654.89999999999998 654.0 5999.1000000000004 238
26 212 0.10934973579370239 1418304179 656.89999999999998 656.0 5999.1000000000004 238
26 211 0.10968311913453684 1418304179 658.89999999999998 658.0 5999.1000000000004 237
27 218 0.1100165024753713 1418304180 660.89999999999998 660.0 5999.1000000000004 245
27 218 0.11034988581620576 1418304180 662.89999999999998 662.0 5999.1000000000004 245
